121
Bomarea_edulis_Veracruz_Tribble65                   0.0000000 0.0073059 0.0050756 0.0057208 0.0051141 0.0057871 0.0072348 0.0057248 0.0068414 0.0053060 0.0068405 0.0047504 0.0501854 0.0036046 0.0072032 0.0065846 0.0044588 0.0063055 0.0071320 0.0047406 0.0028210 0.2587112 0.0061824 0.0058176 0.2587519 0.0041954 0.0056251 0.0074766 0.0069083 0.0049856 0.0068472 0.0055704 0.0069188 0.0061147 0.0069903 0.0590976 0.0063826 0.0034585 0.0061316 0.0598925 0.0068043 0.0044049 0.0067124 0.0058070 0.0060779 0.0148468 0.0069200 0.0057521 0.0077352 0.0047235 0.0068627 0.0058549 0.0054079 0.0611077 0.0044007 0.0049966 0.2648223 0.0046741 0.0043082 0.0070240 0.0064316 0.0041770 0.0052273 0.0058765 0.0044658 0.0063032 0.0064370 0.0062745 0.0063023 0.0069619 0.0045944 0.2618510 0.0067496 0.0060440 0.0053187 0.0074750 0.0062754 0.0109202 0.2625854 0.0078175 0.0126460 0.0507304 0.0055266 0.0046898 0.0062839 0.0037024 0.0038448 0.0055551 0.0031284 0.0033258 0.0470539 0.0068122 0.0052421 0.0050127 0.0047175 0.0066318 0.0053651 0.0047045 0.0047911 0.0051398 0.0030168 0.0059339 0.0054820 0.0062585 0.0059751 0.0038886 0.0058395 0.0038984 0.0069739 0.0059042 0.0553371 0.0059636 0.0109715 0.0044573 0.0039290 0.0525108 0.0543185 0.0061972 0.0049188 0.0038326 0.0052491 
Bomarea_secundifolia_Peru_Macbride4962              0.0073059 0.0000000 0.0064163 0.0046918 0.0054978 0.0070260 0.0063456 0.0055127 0.0046134 0.0089482 0.0048902 0.0049888 0.0567124 0.0052184 0.0090763 0.0069973 0.0045186 0.0048384 0.0062501 0.0030928 0.0062232 0.2639991 0.0056568 0.0049067 0.2615206 0.0083610 0.0059752 0.0059472 0.0056860 0.0060544 0.0066296 0.0048880 0.0062747 0.0055021 0.0059130 0.0613103 0.0048264 0.0063458 0.0056487 0.0638680 0.0068597 0.0036056 0.0058189 0.0051936 0.0043802 0.0147579 0.0056972 0.0049652 0.0042272 0.0034112 0.0042770 0.0046496 0.0059891 0.0615988 0.0077319 0.0057076 0.2665426 0.0079925 0.0086205 0.0059548 0.0049450 0.0033890 0.0089214 0.0049991 0.0056238 0.0067722 0.0068374 0.0056422 0.0056907 0.0087342 0.0078286 0.2656733 0.0040669 0.0045379 0.0059988 0.0039899 0.0063670 0.0110307 0.2654148 0.0106588 0.0140341 0.0562082 0.0057954 0.0067509 0.0077420 0.0034246 0.0043654 0.0053356 0.0053643 0.0088372 0.0483325 0.0051605 0.0051281 0.0050008 0.0073452 0.0085111 0.0048265 0.0063414 0.0076126 0.0030046 0.0026127 0.0040405 0.0039359 0.0063705 0.0055536 0.0041823 0.0076553 0.0056813 0.0057000 0.0083325 0.0601058 0.0029992 0.0102860 0.0040081 0.0038134 0.0559531 0.0566888 0.0040382 0.0046018 0.0031742 0.0062270 
Bomarea_patinii_Colombia_Tribble3                   0.0050756 0.0064163 0.0000000 0.0050655 0.0049790 0.0080760 0.0060883 0.0036703 0.0068387 0.0091571 0.0057538 0.0026688 0.0564549 0.0021942 0.0088128 0.0047158 0.0038301 0.0059084 0.0055579 0.0041088 0.0047945 0.2615510 0.0054719 0.0051043 0.2558998 0.0084615 0.0030417 0.0056874 0.0050388 0.0026498 0.0055337 0.0051484 0.0060011 0.0055118 0.0058595 0.0591300 0.0047438 0.0060769 0.0052526 0.0617239 0.0018962 0.0041796 0.0057454 0.0059065 0.0059539 0.0137900 0.0056193 0.0046284 0.0064824 0.0038488 0.0062338 0.0049773 0.0026624 0.0581826 0.0059024 0.0033436 0.2596320 0.0050774 0.0059349 0.0054765 0.0061835 0.0031875 0.0090155 0.0046796 0.0027773 0.0053843 0.0033624 0.0055901 0.0050833 0.0087217 0.0054055 0.2580193 0.0059316 0.0049146 0.0012848 0.0060726 0.0052233 0.0112506 0.2572812 0.0096758 0.0136554 0.0575611 0.0044245 0.0078811 0.0081119 0.0019408 0.0018162 0.0048299 0.0047174 0.0104807 0.0502728 0.0052324 0.0044096 0.0028651 0.0083854 0.0083345 0.0050531 0.0071306 0.0081508 0.0041792 0.0030949 0.0047442 0.0057106 0.0077763 0.0048545 0.0029534 0.0083216 0.0051062 0.0060452 0.0075936 0.0562971 0.0054793 0.0100067 0.0040493 0.0048257 0.0593834 0.0561593 0.0029481 0.0035282 0.0028616 0.0034352 
Bomarea_tribachiata_AlzateS_N_                      0.0057208 0.0046918 0.0050655 0.0000000 0.0040937 0.0059853 0.0049319 0.0072466 0.0051179 0.0069677 0.0046822 0.0048262 0.0453111 0.0050201 0.0062772 0.0051955 0.0050191 0.0047972 0.0045067 0.0042673 0.0050787 0.1961343 0.0048766 0.0047329 0.1952174 0.0069802 0.0049085 0.0047810 0.0050756 0.0047597 0.0045622 0.0057869 0.0056499 0.0053919 0.0047755 0.0512699 0.0049948 0.0045411 0.0040808 0.0508674 0.0056222 0.0057979 0.0047490 0.0054850 0.0052219 0.0109088 0.0042774 0.0040567 0.0050584 0.0054094 0.0050077 0.0045914 0.0045294 0.0498015 0.0052166 0.0058260 0.1972531 0.0055234 0.0056424 0.0047826 0.0047054 0.0038409 0.0068965 0.0046687 0.0049555 0.0044193 0.0053964 0.0052861 0.0050331 0.0067005 0.0053617 0.1975652 0.0053262 0.0043704 0.0051659 0.0049056 0.0044300 0.0097379 0.1944797 0.0079210 0.0111053 0.0497834 0.0054089 0.0069896 0.0072251 0.0063014 0.0057408 0.0052856 0.0051339 0.0063739 0.0515265 0.0041055 0.0039398 0.0048721 0.0082690 0.0056306 0.0050557 0.0064628 0.0077242 0.0041368 0.0051546 0.0060312 0.0030222 0.0093478 0.0060039 0.0045015 0.0071712 0.0059009 0.0055420 0.0079384 0.0510842 0.0064265 0.0099308 0.0029429 0.0054041 0.0581881 0.0549897 0.0067109 0.0052766 0.0043221 0.0044192 
Bomarea_glaucescens_Ecuador_Caranqui1583            0.0051141 0.0054978 0.0049790 0.0040937 0.0000000 0.0063720 0.0050666 0.0066096 0.0055455 0.0079848 0.0050287 0.0042927 0.0546516 0.0036505 0.0078952 0.0048754 0.0042626 0.0050922 0.0048789 0.0029623 0.0047674 0.2297180 0.0029660 0.0039227 0.2253648 0.0072737 0.0042051 0.0041366 0.0046898 0.0048665 0.0024257 0.0045093 0.0048509 0.0048258 0.0053398 0.0580861 0.0040686 0.0044813 0.0016077 0.0643660 0.0054695 0.0024104 0.0048447 0.0043107 0.0054510 0.0116846 0.0044021 0.0042724 0.0062176 0.0025907 0.0050730 0.0044253 0.0043852 0.0621946 0.0062410 0.0051305 0.2338655 0.0057190 0.0066542 0.0045057 0.0041129 0.0025145 0.0080388 0.0041356 0.0049199 0.0016504 0.0057098 0.0043851 0.0039006 0.0080975 0.0065741 0.2382098 0.0045360 0.0043608 0.0045260 0.0055374 0.0038907 0.0099805 0.2308836 0.0091390 0.0118502 0.0522196 0.0048184 0.0068632 0.0073735 0.0031295 0.0033536 0.0048786 0.0049182 0.0094450 0.0422380 0.0045451 0.0028983 0.0036047 0.0073592 0.0073552 0.0039894 0.0054146 0.0064498 0.0034252 0.0023147 0.0048694 0.0043182 0.0064903 0.0047293 0.0015211 0.0064615 0.0043129 0.0046623 0.0074098 0.0511215 0.0050235 0.0102306 0.0015591 0.0031308 0.0602783 0.0515021 0.0027562 0.0031018 0.0036693 0.0042715 
Bomarea_edulis_Bolivia_Solomon7616                  0.0057871 0.0070260 0.0080760 0.0059853 0.0063720 0.0000000 0.0075733 0.0079517 0.0081589 0.0045740 0.0073851 0.0072362 0.0527392 0.0064766 0.0046523 0.0071286 0.0062198 0.0071257 0.0070760 0.0061226 0.0051263 0.2537404 0.0064291 0.0080961 0.2448231 0.0044277 0.0068966 0.0077357 0.0073786 0.0073378 0.0067957 0.0055232 0.0070886 0.0072188 0.0073487 0.0546960 0.0076955 0.0030778 0.0063311 0.0573540 0.0078922 0.0036339 0.0069031 0.0076812 0.0077324 0.0122118 0.0072856 0.0068184 0.0077868 0.0067233 0.0077349 0.0070126 0.0070566 0.0590970 0.0050691 0.0082954 0.2507218 0.0056497 0.0061990 0.0071129 0.0074778 0.0050527 0.0049708 0.0072917 0.0070031 0.0066819 0.0080580 0.0073354 0.0066832 0.0050151 0.0062382 0.2527410 0.0075703 0.0063484 0.0074730 0.0072488 0.0069732 0.0125734 0.2415772 0.0057892 0.0125863 0.0544488 0.0068547 0.0041385 0.0043697 0.0050551 0.0067337 0.0084999 0.0053129 0.0029484 0.0398535 0.0073814 0.0080531 0.0068374 0.0064063 0.0044037 0.0073862 0.0039248 0.0056481 0.0055110 0.0056414 0.0075710 0.0065843 0.0050361 0.0073671 0.0067391 0.0056318 0.0049005 0.0085880 0.0061749 0.0577358 0.0059522 0.0127826 0.0056583 0.0035738 0.0588629 0.0539193 0.0068620 0.0069468 0.0062082 0.0108507 
Bomarea_involucrosa_Peru_Galiano6988                0.0072348 0.0063456 0.0060883 0.0049319 0.0050666 0.0075733 0.0000000 0.0063771 0.0057053 0.0097335 0.0061976 0.0053270 0.0509261 0.0045228 0.0091008 0.0060638 0.0054841 0.0030850 0.0062343 0.0029306 0.0058607 0.2675976 0.0058626 0.0051814 0.2660494 0.0085568 0.0060029 0.0066345 0.0063167 0.0057939 0.0061749 0.0060845 0.0050682 0.0058050 0.0060471 0.0613575 0.0057461 0.0061578 0.0058454 0.0614698 0.0068599 0.0048423 0.0031631 0.0040935 0.0055523 0.0147276 0.0062263 0.0055527 0.0065809 0.0035155 0.0059631 0.0051650 0.0058685 0.0621689 0.0072634 0.0061025 0.2708814 0.0076956 0.0084621 0.0067337 0.0058627 0.0028850 0.0095319 0.0055152 0.0059615 0.0059750 0.0066336 0.0043185 0.0056310 0.0089279 0.0072985 0.2696972 0.0053234 0.0051801 0.0058024 0.0064118 0.0061725 0.0119894 0.2696665 0.0106186 0.0127665 0.0529944 0.0052249 0.0069013 0.0084073 0.0046011 0.0052047 0.0052443 0.0052741 0.0098037 0.0491160 0.0055430 0.0050392 0.0050828 0.0091210 0.0089989 0.0028043 0.0068265 0.0080226 0.0035380 0.0038620 0.0033841 0.0049772 0.0067340 0.0063382 0.0027486 0.0083051 0.0047018 0.0052321 0.0101537 0.0585066 0.0039293 0.0107553 0.0039658 0.0062555 0.0527436 0.0547666 0.0063193 0.0055711 0.0041389 0.0053086 
Bomarea_multiflora_CultivatedinCAfromCol_Greenhouse 0.0057248 0.0055127 0.0036703 0.0072466 0.0066096 0.0079517 0.0063771 0.0000000 0.0065786 0.0080673 0.0055769 0.0027564 0.0580921 0.0021149 0.0088000 0.0057115 0.0033167 0.0058933 0.0058074 0.0048441 0.0053413 0.3127370 0.0058874 0.0063066 0.3046865 0.0076456 0.0021027 0.0061521 0.0040099 0.0020334 0.0055556 0.0058663 0.0063166 0.0053302 0.0048153 0.0580888 0.0049593 0.0060979 0.0047611 0.0611520 0.0030205 0.0043662 0.0055379 0.0070335 0.0066396 0.0161971 0.0064031 0.0060473 0.0055008 0.0064277 0.0060518 0.0057765 0.0029522 0.0602824 0.0055282 0.0020111 0.3170254 0.0052977 0.0054586 0.0059758 0.0069604 0.0056910 0.0077568 0.0055794 0.0021846 0.0050859 0.0022036 0.0058533 0.0049409 0.0085515 0.0055385 0.3128337 0.0056137 0.0044161 0.0031812 0.0055632 0.0048621 0.0108967 0.3140397 0.0096934 0.0121565 0.0543051 0.0056985 0.0085487 0.0098773 0.0029353 0.0021864 0.0094156 0.0048815 0.0131748 0.0680711 0.0067952 0.0058047 0.0033097 0.0081570 0.0088267 0.0053678 0.0084666 0.0074678 0.0050192 0.0014653 0.0067371 0.0072563 0.0068531 0.0068892 0.0037944 0.0088841 0.0049432 0.0048741 0.0071962 0.0525759 0.0081382 0.0109826 0.0040382 0.0072427 0.0522455 0.0573926 0.0042216 0.0062366 0.0024557 0.0036713 
Bomarea_sp__enanorojo_Peru_Graham12607              0.0068414 0.0046134 0.0068387 0.0051179 0.0055455 0.0081589 0.0057053 0.0065786 0.0000000 0.0090585 0.0035033 0.0055960 0.0551828 0.0052288 0.0081332 0.0057345 0.0053690 0.0058191 0.0066137 0.0036758 0.0060025 0.2574969 0.0052099 0.0053711 0.2453581 0.0089026 0.0058725 0.0056952 0.0047849 0.0059147 0.0059049 0.0051820 0.0059567 0.0062803 0.0058372 0.0587798 0.0048226 0.0066918 0.0054179 0.0635974 0.0066058 0.0042282 0.0055406 0.0054762 0.0046612 0.0129314 0.0056897 0.0051468 0.0007252 0.0044511 0.0006920 0.0047964 0.0054301 0.0597697 0.0066490 0.0066972 0.2479528 0.0071680 0.0080658 0.0058259 0.0054703 0.0040338 0.0092029 0.0047209 0.0058954 0.0057618 0.0066267 0.0058812 0.0058277 0.0091465 0.0069210 0.2491049 0.0032722 0.0036993 0.0055021 0.0013747 0.0055900 0.0122989 0.2448205 0.0097480 0.0142140 0.0522312 0.0060546 0.0080061 0.0089046 0.0047293 0.0057060 0.0064506 0.0059709 0.0089869 0.0477033 0.0066127 0.0050027 0.0056552 0.0081508 0.0085799 0.0049389 0.0078231 0.0086507 0.0027560 0.0039112 0.0047987 0.0054671 0.0081727 0.0058118 0.0033339 0.0085541 0.0057082 0.0067286 0.0083045 0.0547466 0.0040457 0.0115522 0.0042244 0.0043231 0.0560535 0.0562086 0.0045390 0.0047208 0.0046696 0.0098289 
Bomarea_edulis_MorelosS_Tribble377                  0.0053060 0.0089482 0.0091571 0.0069677 0.0079848 0.0045740 0.0097335 0.0080673 0.0090585 0.0000000 0.0094057 0.0079334 0.0505480 0.0068248 0.0055928 0.0099886 0.0067592 0.0084562 0.0099376 0.0061351 0.0044317 0.2656094 0.0090831 0.0080665 0.2650181 0.0019902 0.0090344 0.0098875 0.0096353 0.0088033 0.0093945 0.0080444 0.0096089 0.0078662 0.0096818 0.0603445 0.0083887 0.0037125 0.0089519 0.0620413 0.0102798 0.0042023 0.0094379 0.0082500 0.0081641 0.0159687 0.0094717 0.0073855 0.0095948 0.0069561 0.0093352 0.0077338 0.0090305 0.0622325 0.0045008 0.0082936 0.2699709 0.0056065 0.0062465 0.0100544 0.0083434 0.0054834 0.0018574 0.0087393 0.0089929 0.0090983 0.0101006 0.0089269 0.0086383 0.0055431 0.0059273 0.2678566 0.0089738 0.0087504 0.0082739 0.0095601 0.0090196 0.0128856 0.2687927 0.0058123 0.0132523 0.0507758 0.0081183 0.0034927 0.0046952 0.0054811 0.0059993 0.0092309 0.0045438 0.0016815 0.0466479 0.0094812 0.0073165 0.0076241 0.0026935 0.0056749 0.0079489 0.0038009 0.0027453 0.0054878 0.0058565 0.0115318 0.0066232 0.0059397 0.0075228 0.0089084 0.0036118 0.0039631 0.0088249 0.0039255 0.0559832 0.0072839 0.0137594 0.0066282 0.0039728 0.0558551 0.0541446 0.0082181 0.0083082 0.0070593 0.0074169 
Bomarea_brevis_Bolivia_Teran1759                    0.0068405 0.0048902 0.0057538 0.0046822 0.0050287 0.0073851 0.0061976 0.0055769 0.0035033 0.0094057 0.0000000 0.0055111 0.0529684 0.0048855 0.0088276 0.0064183 0.0052404 0.0053835 0.0063715 0.0042617 0.0061092 0.2603910 0.0060092 0.0047352 0.2608955 0.0084697 0.0058881 0.0062483 0.0052233 0.0061454 0.0063925 0.0046480 0.0060334 0.0053576 0.0056024 0.0622920 0.0053111 0.0059148 0.0056665 0.0623439 0.0067440 0.0043643 0.0053487 0.0048034 0.0038692 0.0147895 0.0062055 0.0052208 0.0041750 0.0040721 0.0040605 0.0046353 0.0055819 0.0613778 0.0071506 0.0059420 0.2646106 0.0071187 0.0080851 0.0065400 0.0057841 0.0045170 0.0092905 0.0047981 0.0057350 0.0062181 0.0067804 0.0058589 0.0060412 0.0094270 0.0071889 0.2626056 0.0037485 0.0039324 0.0052983 0.0039989 0.0061902 0.0123253 0.2631279 0.0102382 0.0125575 0.0572625 0.0054992 0.0075306 0.0080157 0.0042737 0.0043496 0.0052200 0.0056265 0.0079761 0.0474669 0.0057823 0.0048705 0.0042722 0.0078742 0.0084363 0.0047458 0.0063093 0.0077653 0.0032094 0.0037777 0.0016846 0.0038329 0.0077156 0.0061831 0.0024801 0.0086310 0.0053820 0.0061599 0.0081740 0.0586388 0.0041620 0.0105568 0.0045586 0.0054102 0.0523218 0.0543567 0.0051501 0.0039033 0.0039897 0.0070702 
Bomarea_acuminata_CR_Bonifacino6051                 0.0047504 0.0049888 0.0026688 0.0048262 0.0042927 0.0072362 0.0053270 0.0027564 0.0055960 0.0079334 0.0055111 0.0000000 0.0513817 0.0019942 0.0075111 0.0045330 0.0047249 0.0044830 0.0049282 0.0041968 0.0050115 0.2611534 0.0049460 0.0050244 0.2551664 0.0071578 0.0029861 0.0056845 0.0047334 0.0029215 0.0050634 0.0037502 0.0055077 0.0042902 0.0057421 0.0553637 0.0047304 0.0056603 0.0043325 0.0552286 0.0036305 0.0046034 0.0048756 0.0052353 0.0051394 0.0132345 0.0051581 0.0044303 0.0052790 0.0040235 0.0052614 0.0042596 0.0009614 0.0553941 0.0058456 0.0025216 0.2588954 0.0047923 0.0052891 0.0053013 0.0057641 0.0030437 0.0080707 0.0039774 0.0021700 0.0049547 0.0036388 0.0046307 0.0044130 0.0074781 0.0046808 0.2557001 0.0057213 0.0043210 0.0029072 0.0056599 0.0047092 0.0104194 0.2574392 0.0088022 0.0119336 0.0530555 0.0034155 0.0070846 0.0083770 0.0030625 0.0013794 0.0049355 0.0042940 0.0081393 0.0480978 0.0049200 0.0042703 0.0016949 0.0080757 0.0082223 0.0042114 0.0070264 0.0077020 0.0043062 0.0031233 0.0050178 0.0051278 0.0077657 0.0043029 0.0030009 0.0082231 0.0042660 0.0057232 0.0085140 0.0578624 0.0044986 0.0101820 0.0037361 0.0055775 0.0482029 0.0547545 0.0035599 0.0047354 0.0031357 0.0025494 
Alstroemeria_presliana_KEW                          0.0501854 0.0567124 0.0564549 0.0453111 0.0546516 0.0527392 0.0509261 0.0580921 0.0551828 0.0505480 0.0529684 0.0513817 0.0000000 0.0544521 0.0529239 0.0506604 0.0549586 0.0502883 0.0529228 0.0508378 0.0513232 0.2389588 0.0512585 0.0575380 0.2444416 0.0513091 0.0516783 0.0511675 0.0502438 0.0500232 0.0499012 0.0519396 0.0506189 0.0546844 0.0523732 0.0102179 0.0515724 0.0516972 0.0500109 0.0092213 0.0507253 0.0446390 0.0503354 0.0514415 0.0584596 0.0490843 0.0517530 0.0500089 0.0531589 0.0486099 0.0517112 0.0531685 0.0493034 0.0092454 0.0501957 0.0549298 0.2493582 0.0499752 0.0507519 0.0518545 0.0557922 0.0458435 0.0505264 0.0505402 0.0514922 0.0496651 0.0513301 0.0570823 0.0532694 0.0550038 0.0505308 0.2410215 0.0518749 0.0495276 0.0529495 0.0508716 0.0498120 0.0571331 0.2463605 0.0516253 0.0544428 0.0089946 0.0542528 0.0554364 0.0510553 0.0548288 0.0488293 0.0490524 0.0481359 0.0548666 0.0086457 0.0492280 0.0462176 0.0513666 0.0575873 0.0523104 0.0564473 0.0493967 0.0537310 0.0446110 0.0620625 0.0679558 0.0460510 0.0482705 0.0418979 0.0493287 0.0524610 0.0456864 0.0607054 0.0521722 0.0111392 0.0459883 0.0500983 0.0426105 0.0491351 0.0114845 0.0101025 0.0601623 0.0466081 0.0539700 0.0493768 
Bomarea_patacocensis_Ecuador_Luteyn14078            0.0036046 0.0052184 0.0021942 0.0050201 0.0036505 0.0064766 0.0045228 0.0021149 0.0052288 0.0068248 0.0048855 0.0019942 0.0544521 0.0000000 0.0061167 0.0032261 0.0036253 0.0038615 0.0040552 0.0039508 0.0042208 0.2152275 0.0042032 0.0052433 0.2151280 0.0064695 0.0016664 0.0051920 0.0040374 0.0016239 0.0041463 0.0028902 0.0046700 0.0048262 0.0046444 0.0560159 0.0044923 0.0045790 0.0040478 0.0563683 0.0022394 0.0037227 0.0038036 0.0047308 0.0052549 0.0109339 0.0047471 0.0041420 0.0050734 0.0035140 0.0048743 0.0038522 0.0017834 0.0560273 0.0041916 0.0027929 0.2162147 0.0037633 0.0047068 0.0048022 0.0053348 0.0032304 0.0066802 0.0036015 0.0016139 0.0041225 0.0015093 0.0040906 0.0039777 0.0064325 0.0037385 0.2206975 0.0048281 0.0035752 0.0020683 0.0052050 0.0039666 0.0104061 0.2150533 0.0076618 0.0105085 0.0520061 0.0035515 0.0064094 0.0062456 0.0016275 0.0016290 0.0044629 0.0034780 0.0063801 0.0484339 0.0033162 0.0032581 0.0018010 0.0068354 0.0061685 0.0040090 0.0058293 0.0058605 0.0037311 0.0016601 0.0052331 0.0048207 0.0064432 0.0029966 0.0017217 0.0072584 0.0038779 0.0044521 0.0064416 0.0587054 0.0043175 0.0079629 0.0037776 0.0040152 0.0602708 0.0539621 0.0038775 0.0035057 0.0025499 0.0023257 
Bomarea_edulis_Argentina_Deginani1587               0.0072032 0.0090763 0.0088128 0.0062772 0.0078952 0.0046523 0.0091008 0.0088000 0.0081332 0.0055928 0.0088276 0.0075111 0.0529239 0.0061167 0.0000000 0.0094203 0.0066564 0.0077989 0.0095013 0.0058883 0.0053209 0.2644933 0.0086461 0.0084395 0.2632778 0.0048260 0.0088977 0.0092515 0.0090398 0.0090725 0.0091530 0.0066709 0.0092158 0.0080681 0.0089631 0.0610596 0.0079306 0.0040265 0.0085310 0.0604725 0.0101377 0.0042700 0.0087387 0.0070531 0.0079399 0.0159413 0.0082787 0.0074911 0.0087500 0.0060655 0.0085422 0.0075221 0.0086206 0.0616573 0.0062820 0.0088494 0.2685340 0.0067552 0.0078766 0.0093423 0.0086160 0.0054627 0.0060116 0.0080408 0.0083402 0.0088546 0.0101230 0.0079952 0.0080517 0.0028026 0.0073463 0.2663458 0.0085974 0.0079253 0.0074633 0.0092521 0.0086446 0.0132593 0.2667437 0.0073602 0.0133728 0.0511387 0.0072521 0.0038017 0.0033523 0.0056335 0.0057867 0.0082537 0.0061415 0.0055847 0.0482713 0.0084941 0.0062081 0.0080634 0.0047961 0.0034199 0.0065764 0.0032333 0.0041605 0.0055115 0.0052743 0.0094900 0.0065505 0.0020863 0.0074158 0.0053944 0.0057604 0.0039872 0.0089324 0.0054521 0.0558483 0.0070637 0.0139111 0.0063922 0.0025929 0.0545978 0.0561775 0.0074836 0.0069519 0.0069999 0.0077577 
Bomarea_tarmensis_Bolivia_Fernandez3467             0.0065846 0.0069973 0.0047158 0.0051955 0.0048754 0.0071286 0.0060638 0.0057115 0.0057345 0.0099886 0.0064183 0.0045330 0.0506604 0.0032261 0.0094203 0.0000000 0.0041412 0.0054210 0.0057870 0.0038172 0.0056638 0.2648604 0.0064865 0.0058367 0.2632320 0.0084579 0.0045785 0.0067557 0.0061783 0.0049298 0.0062908 0.0053322 0.0063116 0.0065583 0.0065322 0.0605524 0.0056713 0.0054445 0.0060016 0.0607900 0.0056577 0.0038463 0.0056426 0.0049595 0.0056664 0.0147338 0.0064440 0.0056807 0.0069830 0.0036443 0.0069438 0.0051464 0.0046082 0.0616798 0.0065242 0.0052737 0.2680228 0.0064816 0.0073189 0.0068799 0.0061835 0.0034166 0.0097389 0.0052841 0.0045592 0.0060499 0.0056675 0.0057250 0.0060877 0.0093290 0.0062324 0.2676108 0.0058260 0.0051501 0.0042903 0.0070513 0.0063574 0.0115472 0.2658798 0.0103455 0.0130827 0.0521515 0.0041295 0.0070108 0.0083994 0.0024428 0.0028896 0.0050762 0.0054170 0.0096351 0.0498781 0.0052326 0.0046499 0.0049441 0.0093339 0.0086767 0.0040388 0.0066660 0.0075842 0.0043484 0.0021256 0.0041002 0.0043352 0.0067173 0.0044472 0.0016857 0.0081644 0.0046703 0.0063517 0.0085151 0.0593174 0.0043538 0.0101360 0.0044700 0.0049038 0.0515550 0.0545526 0.0054779 0.0049104 0.0037198 0.0047760 
Bomarea_lutea_Ecuador_vanderWerff12169              0.0044588 0.0045186 0.0038301 0.0050191 0.0042626 0.0062198 0.0054841 0.0033167 0.0053690 0.0067592 0.0052404 0.0047249 0.0549586 0.0036253 0.0066564 0.0041412 0.0000000 0.0053865 0.0047636 0.0036026 0.0042907 0.2584082 0.0042904 0.0056058 0.2253653 0.0066018 0.0030159 0.0050451 0.0035556 0.0036626 0.0032567 0.0022802 0.0054656 0.0020236 0.0061086 0.0604216 0.0051653 0.0053190 0.0032677 0.0597187 0.0040959 0.0039890 0.0049226 0.0048118 0.0048285 0.0150794 0.0035654 0.0041825 0.0050456 0.0042685 0.0052662 0.0047543 0.0031849 0.0512047 0.0044338 0.0051393 0.2289168 0.0029997 0.0039941 0.0037025 0.0055714 0.0041797 0.0060303 0.0033437 0.0036319 0.0033544 0.0040691 0.0051247 0.0028367 0.0071418 0.0054622 0.2295246 0.0056956 0.0040527 0.0039204 0.0053358 0.0015254 0.0081640 0.2146422 0.0079951 0.0126976 0.0547297 0.0026385 0.0072220 0.0077083 0.0052067 0.0047988 0.0055047 0.0035270 0.0061715 0.0345807 0.0045635 0.0040191 0.0031345 0.0088768 0.0062588 0.0043789 0.0082691 0.0074792 0.0028044 0.0030495 0.0044303 0.0044873 0.0037706 0.0038078 0.0024414 0.0081123 0.0049169 0.0064142 0.0066295 0.0701699 0.0046802 0.0051930 0.0032119 0.0056232 0.0361622 0.0402731 0.0034462 0.0049832 0.0041859 0.0015189 
Bomarea_ampayesana_Peru_Bocke3215                   0.0063055 0.0048384 0.0059084 0.0047972 0.0050922 0.0071257 0.0030850 0.0058933 0.0058191 0.0084562 0.0053835 0.0044830 0.0502883 0.0038615 0.0077989 0.0054210 0.0053865 0.0000000 0.0047581 0.0021832 0.0052145 0.2639656 0.0052565 0.0050847 0.2553985 0.0084497 0.0050927 0.0058934 0.0055886 0.0053406 0.0054756 0.0046545 0.0044331 0.0054232 0.0051991 0.0601105 0.0047129 0.0057288 0.0045831 0.0607550 0.0059332 0.0042529 0.0027717 0.0030904 0.0050328 0.0130612 0.0057974 0.0049040 0.0055893 0.0031443 0.0052265 0.0040941 0.0050115 0.0608741 0.0064925 0.0059739 0.2575165 0.0063908 0.0073226 0.0058144 0.0057521 0.0028899 0.0083495 0.0045123 0.0051510 0.0054189 0.0060178 0.0043672 0.0051704 0.0078481 0.0064641 0.2580592 0.0049193 0.0046885 0.0053037 0.0055092 0.0053395 0.0114358 0.2566206 0.0092411 0.0118281 0.0526293 0.0050818 0.0064996 0.0071484 0.0041418 0.0051803 0.0042517 0.0049624 0.0084225 0.0474010 0.0046134 0.0048144 0.0047875 0.0083671 0.0078574 0.0024629 0.0059457 0.0077773 0.0035851 0.0038917 0.0041185 0.0047911 0.0068029 0.0053531 0.0036896 0.0074596 0.0052547 0.0054815 0.0078340 0.0564639 0.0039360 0.0112353 0.0028526 0.0049719 0.0508024 0.0523740 0.0060192 0.0044331 0.0025369 0.0042311 
Bomarea_aurantiaca_Bolivia_Fuentes13880             0.0071320 0.0062501 0.0055579 0.0045067 0.0048789 0.0070760 0.0062343 0.0058074 0.0066137 0.0099376 0.0063715 0.0049282 0.0529228 0.0040552 0.0095013 0.0057870 0.0047636 0.0047581 0.0000000 0.0037042 0.0064184 0.2640946 0.0059972 0.0056440 0.2632038 0.0088638 0.0056582 0.0062592 0.0066594 0.0056151 0.0061198 0.0056781 0.0061682 0.0058012 0.0059546 0.0622715 0.0057356 0.0059512 0.0055497 0.0603942 0.0062736 0.0048304 0.0056230 0.0042998 0.0059676 0.0141525 0.0061569 0.0052712 0.0070203 0.0033079 0.0062615 0.0049760 0.0056371 0.0614595 0.0076890 0.0057749 0.2681255 0.0070089 0.0080035 0.0067712 0.0058312 0.0031424 0.0098321 0.0054294 0.0059891 0.0064075 0.0064283 0.0050796 0.0059604 0.0093106 0.0079162 0.2669659 0.0065705 0.0057782 0.0056619 0.0069197 0.0064156 0.0115237 0.2656398 0.0110344 0.0126608 0.0534787 0.0050962 0.0074324 0.0086021 0.0046123 0.0039196 0.0004990 0.0060793 0.0125838 0.0507339 0.0012396 0.0049188 0.0049689 0.0096012 0.0093201 0.0043243 0.0061343 0.0079519 0.0046295 0.0036332 0.0049739 0.0051264 0.0074619 0.0057141 0.0039570 0.0076910 0.0052622 0.0060542 0.0104779 0.0558111 0.0048646 0.0105774 0.0037089 0.0047946 0.0547332 0.0548906 0.0042411 0.0040799 0.0034822 0.0033390 
Bomarea_parvifolia_Peru_Stein2019                   0.0047406 0.0030928 0.0041088 0.0042673 0.0029623 0.0061226 0.0029306 0.0048441 0.0036758 0.0061351 0.0042617 0.0041968 0.0508378 0.0039508 0.0058883 0.0038172 0.0036026 0.0021832 0.0037042 0.0000000 0.0044377 0.2392575 0.0036993 0.0027737 0.2379070 0.0064724 0.0032074 0.0038097 0.0040115 0.0038818 0.0038781 0.0038408 0.0035972 0.0041594 0.0031951 0.0533859 0.0036433 0.0039481 0.0035219 0.0588503 0.0042029 0.0031913 0.0025373 0.0023960 0.0044077 0.0103959 0.0036170 0.0031896 0.0034306 0.0051021 0.0035827 0.0031472 0.0037386 0.0535978 0.0046761 0.0041096 0.2341833 0.0054633 0.0051533 0.0044878 0.0038946 0.0024387 0.0062166 0.0039330 0.0038356 0.0035086 0.0043431 0.0032350 0.0043060 0.0061107 0.0048894 0.2412334 0.0040416 0.0033109 0.0041423 0.0029151 0.0041086 0.0090855 0.2354573 0.0070576 0.0103425 0.0478687 0.0042106 0.0068625 0.0063632 0.0038381 0.0072155 0.0040521 0.0044700 0.0044061 0.0504566 0.0035342 0.0045496 0.0040064 0.0075129 0.0054159 0.0030863 0.0061905 0.0062646 0.0022313 0.0020045 0.0027112 0.0047615 0.0055300 0.0034443 0.0024018 0.0069382 0.0053697 0.0038667 0.0075650 0.0600444 0.0033747 0.0084267 0.0034641 0.0053021 0.0438775 0.0430016 0.0037889 0.0039947 0.0038603 0.0030285 
Bomarea_edulis_Guatemala_Breckon2075                0.0028210 0.0062232 0.0047945 0.0050787 0.0047674 0.0051263 0.0058607 0.0053413 0.0060025 0.0044317 0.0061092 0.0050115 0.0513232 0.0042208 0.0053209 0.0056638 0.0042907 0.0052145 0.0064184 0.0044377 0.0000000 0.2547592 0.0050162 0.0049048 0.2436382 0.0035219 0.0045130 0.0060201 0.0054102 0.0039560 0.0054719 0.0037509 0.0058067 0.0054924 0.0061410 0.0547544 0.0054401 0.0027540 0.0051286 0.0543648 0.0054303 0.0027991 0.0052424 0.0055359 0.0053429 0.0112328 0.0056525 0.0048331 0.0060459 0.0041169 0.0065031 0.0044505 0.0045441 0.0540206 0.0037037 0.0048727 0.2474457 0.0037213 0.0041110 0.0060562 0.0062825 0.0035398 0.0043030 0.0049312 0.0034035 0.0052904 0.0053050 0.0052279 0.0051329 0.0049094 0.0039615 0.2498416 0.0064568 0.0045587 0.0044860 0.0059055 0.0052297 0.0113841 0.2459430 0.0058748 0.0111516 0.0510796 0.0045336 0.0046921 0.0050418 0.0028858 0.0032077 0.0046019 0.0036943 0.0028993 0.0451482 0.0065180 0.0048435 0.0034079 0.0037252 0.0049864 0.0051131 0.0038244 0.0050679 0.0032488 0.0029658 0.0044178 0.0037787 0.0038007 0.0047605 0.0025997 0.0045705 0.0032586 0.0064362 0.0043405 0.0563016 0.0043440 0.0091963 0.0045022 0.0027664 0.0507473 0.0528291 0.0040592 0.0036879 0.0035582 0.0041823 
Drymophila_moorei_Australia_Copeland4560            0.2587112 0.2639991 0.2615510 0.1961343 0.2297180 0.2537404 0.2675976 0.3127370 0.2574969 0.2656094 0.2603910 0.2611534 0.2389588 0.2152275 0.2644933 0.2648604 0.2584082 0.2639656 0.2640946 0.2392575 0.2547592 0.0000000 0.2661740 0.3124055 0.0834463 0.2651067 0.2649866 0.2737040 0.2664436 0.2657915 0.2678215 0.2241162 0.2666054 0.2287121 0.2638635 0.2807646 0.2623702 0.2473334 0.2677800 0.2692490 0.2635019 0.2144485 0.2631725 0.2141295 0.2366609 0.2616023 0.2623322 0.2579924 0.2659881 0.2282150 0.2611549 0.2634945 0.2657902 0.2899230 0.2640140 0.2607989 0.0890395 0.2649208 0.2654706 0.2709856 0.2425209 0.2370747 0.2611036 0.2669677 0.2547360 0.2658318 0.2693267 0.2544939 0.2701884 0.2666562 0.2661352 0.0129338 0.2580674 0.2656891 0.2270174 0.2649578 0.2695159 0.2408827 0.0873134 0.2681639 0.2526961 0.2401841 0.2031533 0.2330463 0.2671939 0.2309573 0.1800575 0.2818583 0.2933306 0.2805196 0.2638522 0.2594927 0.2240514 0.2829658 0.2802005 0.2590225 0.2288271 0.2333520 0.2253183 0.2100789 0.3041027 0.3705243 0.2676185 0.2582984 0.2427036 0.2877987 0.2239285 0.1848216 0.3133027 0.2305941 0.2814870 0.2298994 0.2657058 0.2208829 0.2099091 0.2605110 0.2640454 0.3170067 0.2044963 0.2781911 0.3241127 
Bomarea_trimorphophylla_Alzate3158                  0.0061824 0.0056568 0.0054719 0.0048766 0.0029660 0.0064291 0.0058626 0.0058874 0.0052099 0.0090831 0.0060092 0.0049460 0.0512585 0.0042032 0.0086461 0.0064865 0.0042904 0.0052565 0.0059972 0.0036993 0.0050162 0.2661740 0.0000000 0.0046529 0.2646078 0.0078495 0.0052667 0.0053646 0.0055769 0.0054624 0.0043700 0.0044412 0.0060444 0.0045979 0.0057627 0.0598464 0.0047825 0.0050934 0.0040165 0.0596771 0.0063521 0.0037253 0.0056302 0.0048751 0.0055508 0.0140131 0.0046366 0.0041035 0.0060571 0.0023381 0.0058782 0.0051466 0.0055246 0.0595589 0.0067055 0.0058527 0.2687364 0.0067577 0.0073635 0.0049875 0.0045914 0.0025009 0.0089987 0.0050155 0.0058725 0.0040567 0.0067047 0.0055734 0.0044562 0.0079795 0.0070470 0.2680458 0.0052969 0.0045011 0.0051021 0.0060268 0.0049517 0.0109981 0.2655213 0.0103066 0.0117184 0.0525427 0.0049764 0.0063806 0.0070854 0.0033538 0.0036950 0.0053304 0.0047543 0.0099055 0.0487722 0.0052534 0.0038948 0.0043135 0.0070693 0.0084098 0.0039956 0.0054218 0.0070998 0.0043002 0.0022052 0.0043997 0.0045477 0.0063051 0.0055578 0.0014318 0.0071030 0.0044238 0.0041392 0.0075307 0.0556486 0.0046180 0.0094455 0.0030786 0.0035154 0.0506830 0.0535682 0.0038764 0.0038341 0.0042615 0.0038012 
Bomarea_distichifolia_CultivatedinCA_SFBG20120053   0.0058176 0.0049067 0.0051043 0.0047329 0.0039227 0.0080961 0.0051814 0.0063066 0.0053711 0.0080665 0.0047352 0.0050244 0.0575380 0.0052433 0.0084395 0.0058367 0.0056058 0.0050847 0.0056440 0.0027737 0.0049048 0.3124055 0.0046529 0.0000000 0.3040387 0.0082458 0.0050762 0.0003655 0.0049672 0.0044311 0.0050875 0.0059011 0.0058903 0.0055891 0.0049030 0.0612890 0.0045396 0.0049986 0.0046748 0.0672742 0.0057791 0.0030362 0.0049603 0.0054272 0.0054057 0.0158493 0.0036013 0.0026549 0.0059029 0.0028311 0.0050626 0.0038246 0.0045964 0.0674806 0.0061808 0.0048441 0.3182722 0.0063353 0.0059116 0.0051216 0.0021445 0.0027200 0.0074542 0.0047777 0.0050721 0.0044082 0.0055202 0.0053936 0.0045845 0.0084773 0.0065627 0.3147727 0.0052838 0.0042940 0.0055735 0.0060797 0.0051390 0.0116315 0.3105805 0.0092116 0.0129541 0.0558625 0.0056538 0.0076295 0.0077589 0.0050928 0.0059671 0.0053326 0.0043373 0.0087459 0.0516015 0.0042629 0.0036864 0.0036706 0.0081095 0.0075042 0.0047600 0.0073491 0.0053075 0.0034933 0.0027494 0.0040854 0.0045274 0.0078647 0.0040285 0.0015598 0.0064542 0.0047657 0.0038265 0.0065422 0.0525151 0.0054785 0.0117623 0.0031265 0.0038161 0.0498537 0.0523166 0.0058260 0.0043326 0.0031235 0.0055729 
Luzuriaga_marginata_Bonifacino550                   0.2587519 0.2615206 0.2558998 0.1952174 0.2253648 0.2448231 0.2660494 0.3046865 0.2453581 0.2650181 0.2608955 0.2551664 0.2444416 0.2151280 0.2632778 0.2632320 0.2253653 0.2553985 0.2632038 0.2379070 0.2436382 0.0834463 0.2646078 0.3040387 0.0000000 0.2613633 0.2635037 0.2694506 0.2664914 0.2639836 0.2658853 0.2115512 0.2663891 0.2310190 0.2632791 0.2825017 0.2550666 0.2444438 0.2676523 0.2703183 0.2622980 0.2114859 0.2656986 0.2122727 0.2320350 0.2607143 0.2555259 0.2518448 0.2619830 0.2171107 0.2620113 0.2565149 0.2656572 0.2787250 0.2635120 0.2531338 0.0165385 0.2632643 0.2645174 0.2675006 0.2430384 0.2310746 0.2604045 0.2600432 0.2552000 0.2648888 0.2676379 0.2460290 0.2618952 0.2621047 0.2649524 0.0823730 0.2501358 0.2655098 0.2344675 0.2650807 0.2666006 0.2350808 0.0161868 0.2700571 0.2465918 0.2409520 0.2127472 0.2354746 0.2453112 0.2358880 0.1887892 0.2528171 0.2671330 0.2830694 0.3039669 0.2570582 0.2323310 0.2797718 0.2801700 0.2608276 0.2334555 0.2328820 0.2194833 0.2057674 0.2708339 0.3212732 0.2254890 0.2360112 0.2298129 0.2580983 0.2290463 0.1860294 0.3006144 0.2253539 0.2722339 0.2125877 0.2379788 0.2193015 0.1918296 0.2561983 0.2699112 0.3268600 0.1873082 0.2380204 0.3566161 
Bomarea_edulis_Queretaro_Tribble701                 0.0041954 0.0083610 0.0084615 0.0069802 0.0072737 0.0044277 0.0085568 0.0076456 0.0089026 0.0019902 0.0084697 0.0071578 0.0513091 0.0064695 0.0048260 0.0084579 0.0066018 0.0084497 0.0088638 0.0064724 0.0035219 0.2651067 0.0078495 0.0082458 0.2613633 0.0000000 0.0083948 0.0087465 0.0085028 0.0086881 0.0083863 0.0067496 0.0085321 0.0079209 0.0085487 0.0589629 0.0072063 0.0025012 0.0077402 0.0599090 0.0097740 0.0045889 0.0083188 0.0075970 0.0080385 0.0151676 0.0091809 0.0081297 0.0085765 0.0059107 0.0085572 0.0068018 0.0077878 0.0608998 0.0029951 0.0087720 0.2655580 0.0041590 0.0049992 0.0084676 0.0078847 0.0057372 0.0014568 0.0073120 0.0080633 0.0077144 0.0096363 0.0084823 0.0077690 0.0046739 0.0049052 0.2649258 0.0080958 0.0077352 0.0075232 0.0089417 0.0080786 0.0139734 0.2658058 0.0043965 0.0132069 0.0495237 0.0074552 0.0025092 0.0044572 0.0050864 0.0059955 0.0063307 0.0049820 0.0022011 0.0454308 0.0085570 0.0067615 0.0076626 0.0030319 0.0047151 0.0072239 0.0038668 0.0020786 0.0056359 0.0053768 0.0075110 0.0081127 0.0066204 0.0078036 0.0071811 0.0037001 0.0028626 0.0088333 0.0022660 0.0554727 0.0079015 0.0143273 0.0051663 0.0044556 0.0572327 0.0548914 0.0088585 0.0077781 0.0070295 0.0081412 
Bomarea_foliosa_Ecuador_Zak2268                     0.0056251 0.0059752 0.0030417 0.0049085 0.0042051 0.0068966 0.0060029 0.0021027 0.0058725 0.0090344 0.0058881 0.0029861 0.0516783 0.0016664 0.0088977 0.0045785 0.0030159 0.0050927 0.0056582 0.0032074 0.0045130 0.2649866 0.0052667 0.0050762 0.2635037 0.0083948 0.0000000 0.0059156 0.0050820 0.0023151 0.0051560 0.0044038 0.0061821 0.0046786 0.0055315 0.0602509 0.0045587 0.0052827 0.0052970 0.0598267 0.0031506 0.0036301 0.0053794 0.0045845 0.0059948 0.0142753 0.0052222 0.0044422 0.0061219 0.0036575 0.0063588 0.0047420 0.0030447 0.0608112 0.0063198 0.0032380 0.2681039 0.0059498 0.0061989 0.0060411 0.0058094 0.0026851 0.0091339 0.0045481 0.0025967 0.0053160 0.0026819 0.0048531 0.0050536 0.0084253 0.0054669 0.2671049 0.0055569 0.0043272 0.0029548 0.0054817 0.0050717 0.0106778 0.2658908 0.0101473 0.0118263 0.0539506 0.0044178 0.0070919 0.0080418 0.0019096 0.0016379 0.0054214 0.0036998 0.0105245 0.0486806 0.0040178 0.0040177 0.0022426 0.0076975 0.0078495 0.0037169 0.0058862 0.0065418 0.0041791 0.0011263 0.0044510 0.0048356 0.0073435 0.0048708 0.0012931 0.0073878 0.0041319 0.0048236 0.0078466 0.0584209 0.0044357 0.0097856 0.0038812 0.0046816 0.0547946 0.0534498 0.0019976 0.0028784 0.0025925 0.0021691 
Bomarea_edulis_Brazil_Campbell8900                  0.0074766 0.0059472 0.0056874 0.0047810 0.0041366 0.0077357 0.0066345 0.0061521 0.0056952 0.0098875 0.0062483 0.0056845 0.0511675 0.0051920 0.0092515 0.0067557 0.0050451 0.0058934 0.0062592 0.0038097 0.0060201 0.2737040 0.0053646 0.0003655 0.2694506 0.0087465 0.0059156 0.0000000 0.0061018 0.0057081 0.0059374 0.0054295 0.0066116 0.0048438 0.0059978 0.0613071 0.0051399 0.0059865 0.0052961 0.0618546 0.0064406 0.0040463 0.0059217 0.0052870 0.0057025 0.0153425 0.0037463 0.0033439 0.0062635 0.0035410 0.0060909 0.0052036 0.0058922 0.0616552 0.0071371 0.0055504 0.2730395 0.0079554 0.0078009 0.0054671 0.0021773 0.0025318 0.0101049 0.0061125 0.0056452 0.0055783 0.0066828 0.0060372 0.0051884 0.0092507 0.0074244 0.2727952 0.0060771 0.0053166 0.0056156 0.0059881 0.0057660 0.0114729 0.2707684 0.0108920 0.0132617 0.0540025 0.0056431 0.0078229 0.0078780 0.0047129 0.0052050 0.0046682 0.0051777 0.0103678 0.0484314 0.0055056 0.0042742 0.0042640 0.0076399 0.0084798 0.0052673 0.0066931 0.0078691 0.0035108 0.0049466 0.0040953 0.0059208 0.0074585 0.0052195 0.0015603 0.0076751 0.0055235 0.0029885 0.0094832 0.0579326 0.0049825 0.0090534 0.0040350 0.0049050 0.0511942 0.0577031 0.0047309 0.0038045 0.0038281 0.0056479 
Bomarea_diffracta_Colombia_Tribble12                0.0069083 0.0056860 0.0050388 0.0050756 0.0046898 0.0073786 0.0063167 0.0040099 0.0047849 0.0096353 0.0052233 0.0047334 0.0502438 0.0040374 0.0090398 0.0061783 0.0035556 0.0055886 0.0066594 0.0040115 0.0054102 0.2664436 0.0055769 0.0049672 0.2664914 0.0085028 0.0050820 0.0061018 0.0000000 0.0049018 0.0056896 0.0041112 0.0060559 0.0052613 0.0064174 0.0605870 0.0042904 0.0063235 0.0054621 0.0612602 0.0058638 0.0041112 0.0057125 0.0052845 0.0051029 0.0148771 0.0055737 0.0048034 0.0054765 0.0030830 0.0053239 0.0051929 0.0049826 0.0616482 0.0068272 0.0047747 0.2702393 0.0068016 0.0077635 0.0060163 0.0054409 0.0028865 0.0094464 0.0036126 0.0053247 0.0057269 0.0055965 0.0054145 0.0050168 0.0085791 0.0066124 0.2690635 0.0050258 0.0039036 0.0047786 0.0055569 0.0051902 0.0111286 0.2684239 0.0105462 0.0129125 0.0525334 0.0054113 0.0071958 0.0078961 0.0036305 0.0045299 0.0044934 0.0052302 0.0091787 0.0480948 0.0051382 0.0041677 0.0037221 0.0078716 0.0086702 0.0045778 0.0066353 0.0076062 0.0032227 0.0026232 0.0040262 0.0038340 0.0071388 0.0052602 0.0027551 0.0079456 0.0045819 0.0053440 0.0092054 0.0561881 0.0035683 0.0087603 0.0040217 0.0044908 0.0526490 0.0546580 0.0009035 0.0029151 0.0034851 0.0041837 
Bomarea_hirsuta_CR_Bonifacino6052                   0.0049856 0.0060544 0.0026498 0.0047597 0.0048665 0.0073378 0.0057939 0.0020334 0.0059147 0.0088033 0.0061454 0.0029215 0.0500232 0.0016239 0.0090725 0.0049298 0.0036626 0.0053406 0.0056151 0.0038818 0.0039560 0.2657915 0.0054624 0.0044311 0.2639836 0.0086881 0.0023151 0.0057081 0.0049018 0.0000000 0.0052220 0.0047341 0.0061882 0.0047067 0.0060532 0.0594322 0.0046497 0.0057131 0.0051704 0.0601706 0.0028208 0.0040226 0.0052478 0.0052615 0.0053093 0.0145676 0.0054955 0.0047023 0.0064626 0.0036647 0.0063633 0.0047604 0.0028776 0.0610570 0.0055222 0.0025677 0.2684654 0.0050429 0.0054789 0.0058544 0.0054165 0.0033016 0.0091915 0.0047721 0.0014354 0.0054218 0.0026361 0.0053619 0.0048872 0.0086117 0.0044625 0.2682663 0.0057593 0.0044977 0.0027107 0.0059845 0.0049129 0.0110489 0.2664222 0.0101169 0.0125771 0.0525394 0.0042714 0.0075524 0.0083293 0.0012829 0.0008953 0.0053447 0.0031803 0.0103691 0.0488660 0.0046595 0.0043141 0.0023730 0.0079443 0.0081837 0.0044775 0.0062910 0.0074645 0.0037924 0.0021254 0.0046544 0.0048677 0.0074571 0.0046721 0.0022946 0.0074512 0.0037054 0.0054293 0.0083560 0.0589007 0.0049820 0.0102078 0.0043203 0.0043601 0.0513588 0.0554392 0.0022630 0.0036452 0.0023609 0.0023421 
Bomarea_torta_Alzate3270                            0.0068472 0.0066296 0.0055337 0.0045622 0.0024257 0.0067957 0.0061749 0.0055556 0.0059049 0.0093945 0.0063925 0.0050634 0.0499012 0.0041463 0.0091530 0.0062908 0.0032567 0.0054756 0.0061198 0.0038781 0.0054719 0.2678215 0.0043700 0.0050875 0.2658853 0.0083863 0.0051560 0.0059374 0.0056896 0.0052220 0.0000000 0.0048374 0.0058101 0.0038069 0.0065133 0.0601948 0.0049694 0.0059001 0.0025109 0.0606155 0.0061983 0.0032512 0.0053244 0.0049867 0.0060389 0.0140496 0.0053148 0.0046796 0.0065565 0.0023465 0.0065056 0.0052797 0.0053661 0.0615180 0.0069643 0.0057096 0.2701471 0.0070626 0.0078004 0.0054277 0.0050440 0.0028652 0.0092714 0.0049103 0.0056301 0.0027193 0.0060685 0.0051292 0.0044240 0.0085206 0.0068655 0.2695666 0.0058165 0.0050534 0.0050930 0.0066836 0.0045785 0.0112311 0.2685884 0.0101940 0.0115961 0.0510216 0.0047083 0.0066886 0.0078889 0.0035958 0.0036016 0.0044678 0.0047592 0.0091367 0.0479082 0.0044021 0.0032461 0.0042634 0.0057743 0.0081608 0.0042653 0.0058017 0.0067783 0.0031574 0.0026073 0.0060793 0.0048340 0.0072638 0.0051762 0.0015529 0.0069768 0.0043575 0.0048009 0.0078389 0.0549649 0.0046285 0.0094016 0.0027092 0.0045889 0.0513100 0.0527109 0.0033877 0.0032386 0.0035664 0.0018824 
